$ANSIBLE_VAULT;1.1;AES256
35326465346533626233626632326561373663643834636462663132376562613366383136346430
6563353532633434343733343562653433656633643835620a353965653633616264393765636663
62626633643939633531636165373634326362366333376639303833356166623531383162386362
6331303564343164610a636339666436663337666632633337313633383230373237663530656431
65623433666635373435633865663461376338643339626636353139333732386663393962316265
34316335366566626436653465646136313636333339383236396437643364633636383730326464
66643733646131363435363936306139303431316661336534653936326530303063383835373132
64343430386137383331616538373230316536653437643635343331356234386131653163303965
38373937376434313261353563633234643862316235383961383933373366633838363033333037
37313535636562323431353436613962303233366336316163636134613533623538323636396263
32306534656639626664336436373833303834663733353830393966623038343261643437343061
32303163396636373331386133303430656137393961303631396466636335623431313332383666
65373238613466313132623937306665626639613062343663626663633463383035313330306166
38313736623861376132643837383936663363623439653662393030373662343634373834656666
64396464336262653965623263666565316131633762393539636236353866363863353364386339
39623439616539396631323434393064383538306663646330666538333862323065633566313934
61363831613833633539353231386331373635653465653439353833616464663631346336386436
32653665366266626434393930393462306139396132656630393564333539626537636434303138
37326133623261356434643132313066306334323033366430376264383366396635663534396338
64303339386434663133623035373837306639393336313763323230646230323563356530306136
33326566353362343838373964666534316365633533303461373639656231633533383762656462
30353366383465643732623965616162333837343137353663656534666462313364333933626164
63383432646436343130393232653261376563333335623132626664353466303663316565343665
34336334393465323136623863333333616164376136306532613731346564643862323362646337
33363033633166343134333361373161643833366135356365343330656233643766363665356465
66313831383439386332326366366434666165393930386633646637393964306165323239366465
37653635666666366163346661373530323965363334633938633733356431653064396534643465
32633536653234383936326233323435663239323361613936356639363032623932623839616437
33323331663639383161663334613831333536343534386363373935343131636364653035386230
61393032373062316136633030313961313664336330346139346136626337616165376536653963
36623633623632316365326631396638663337656430626336333163346263623966383532396665
63363135383039643163316336383734363431306664343731336666376630393636623261323037
38316532613666633738653935323965363361663538363164646265636436376163666439643566
64353530313034663536626264373364666461316162363736663061373837663838353862376162
35356339653764333135323765386333353162643735363437313165343937383833386236396261
65366162363833346136303763363831386461386437626130303735333763393466393663396132
34643361396466323031343435326332356163316662656266633965376564623936633831663136
38633833376131616332616433643530346465333039666530663565333937346363663333386230
63306161306562623562643934363133383435366538323461616632663165636138636463333931
31303032353662633335366430333538613039393565636233313632356238353537613263363333
35343530643237656565623330343865303431393339333535366331393261633734
