$ANSIBLE_VAULT;1.1;AES256
63373962376532323931303036373031363634376238346331623137313061373065366130616336
3564323265353437326138366165663266363839326339320a383739333338343263333738363262
64353534393366373662333534643330663137633863653061343635313961313031353766633434
3964363831306331300a613136346461623264623132363431376265633631623463633261346266
38363738323333333334303161346635323464633336663936393539313330386436303834313666
34663733666463346435323536353761333639306632616138333433643531383264333965613139
63363731353033613065653636626530316438373234643332306262663135356334646263633063
37306165386538343531376139613239303563616233656361383162663932343138336266653533
34333633383763623630343839326332663630343463626639356439323463373961303437643964
65393564613839613634343462636661663430613934633932326335383333393037306462353538
61626533373132383730653233616435343734393138386437323036656164303862663765363437
64306335343462353331643632323235346566303764313538666363376666616534343437373065
34633264386463623036343963383763306537333335373966653235383938636637393266616266
38306535663339346537383363353464303438663932663834396136643462333363626361303965
33353365393832386665623466383032613030323531316432383461643133303335336238396162
35373634626263663262353666346661663930366432386231373237373735666637366435343536
36343536363663393237306537636639346365393837613264653565656638353336383038646636
30343864643636333831666331326666613730663734643065336365363438366131333637303232
32383665666637316565656438656539386263313637376161303332323830623439306461663363
39363332326166323235356336363133613738336438353062333430333265353934366133333536
36663462666164356165333038633263623737653065633039376133363337353034323163353035
32333733383362323930633363623261373337646263333065313739656230623236393430323665
39323236393066346263366661376432646536636465653130323561613436663463303034356130
33376337353363313635616364306234626438306231356139626239363935303634386638386637
39303031633664383331626331363265613331383634643831343465356334333635313132643030
64396534326634376161373838323332383133653537633234653432363964396366356564643764
36303730653465363830386366663430613565316439653136623732616237313232393462373332
36306464363335653539353761323131316532353137623561626261393235636634303133303936
33626262303235396233393334376636386231383339303262613131326239626630663433616335
66643966616536333263336130653662623233356361633731353633396163346439653966653364
38663338623937396162393964656365626163653131613265623865366332373330386261313166
61643361633461653936333462376136663364656434316437613731323264613730343534636237
61316463306562633733386638326134653661303232346134313965613230656364656239333632
35353330653663313334373539653436353737343038623663386435353037326561663938373361
30373836386665623830663437346663366637363930356637393632356163663565396631363861
32656166356635356362396330386437643062653035396130366264383330366261383461366335
39396337333338666136653033313732353136386633373266643162313334643238363939303730
64386138653933353066373165656630353138643762636436633761643662346332316130623836
66653331653364346265336233353862346239373565623630313433656661656462323631666337
62623539333234303362613636326632376461653530353763313764336264366631356535633866
64316461353936336563663031303838353364343562393734396461326462663434333630336366
64356233626333333437366130333931666235666333393966396465663862666463333230346666
65376130356331356133343136323663396262383065363038613135323031306630633638656430
32626537313832396634633262616162653737653832393431623437383964323837396365306530
61623632343734653466386466393261653436323966646233326136303036633135663033656463
39396430356465616363643461376133666135666236343631393536653865376430376562336636
66373265313430343064613537363163663438373630326532383462636362353231613434323538
65633662393861613337643834323365313566366538353164373438626134366338346231316535
66363131663064333131313864373066396661303964373636373732386137636635636630306362
65356561353333323064623733303039633063633563666135626137373965333965356439363131
30373261613032656430386337623065646537373431316461316139373830613464623766333761
61623261346230353636333666636236346662663965306530643737666635656661316232643339
61343237636665643565303136393439366431616135643439353131663139653965336662626561
33663264303637333330646239383261623930313136633363613337316132636666613733303864
32656538343231313638613865623661333666663864653438386631633834356464313438376566
34303730616639366665316665613762383463353565633839613331356366376637326338316334
30323063653566653565616561333165336534353931653335616362616139333936383239363837
32343962666562373535616139386635306632623665323832636439343733373166633261373066
62383036613166656630333937633664363161613633343439333437643264306131303930623164
62633861306363383333373766363763373234336237633362303034323530313766333964373565
66353630656132393864366464653933356530376338363139666630303162663666303132303737
37393861343365373764336165383535363539623336613364613933663263623465626662363233
36623236323639333035373166626536323463636437376264396339356337303238303263343563
35303065396466373535656130353963393161396432366366313163636461643338353931396564
34626433656437383434303361656666336338383837396330663663316638613462376136663761
30363138646266646361396163353666343566346135626132653936633737613030323937343534
66396563643739336362363733323162346161333534346336613361636435386662623730383837
38373737633561376530333362393834633934623366666634386336636566393562383032396237
64333566323631613262313066356533393662663064306533326366333632386531616361343436
62303765633836316633623331333739316137656435333265663330383634663062663030393361
33656136643330303431336333653639636438386233383766396539353363326466643564306364
36336438373732323530343838393061353861393238333332366463616163613031343939326462
33623336656634346430616536643761316139366533306337376661333538393530613730326335
66353162303566373634646166653433363665393061613632646430333536326133663539333635
62633765383233613733613438373036336433323761643831383237643264623863343738346633
37313164386432643232326436336430353533643732643065646133326433613134653665346464
65616166306363383036396338616135623961646439313031383761353036393534636361363564
30333738653737373535623630656433303437303530343830396663383531613765323333386337
30303439656433633537663363346566663331636265393032343230633965653861613638353232
31633663346332343330363534636361643239653465386135376638333466666364663164323932
64313138666333623136636264306662653638366532313939303962613436386365666435366163
32633932656362623464356562303531633336336261333331613366396130376337626135346437
66636431376362356238623438316266383263636262396163333937633735643963336464306231
64396566666639623133313162393663663561396137373237393235633034616161623935643231
63336430363438353434653061623563356638343166343731663733363139343830623135383330
37363735656431326164386663666337623136643239386537306263396436306465393934616534
36313739636630396436636537323964396563366138613639336338393739643136383839393633
30333864336633663035396132613464376130353938623538666434306534646333646637616561
62313531353432373065626534396339333331613737303361386663613036353765393339623164
31333066376538383237353631633337633263316332643839623637376464376438346238316430
66663938376635346639633164346339633330633332323561656237386635363864376134663635
33326565333163346635396338663664346237363738363032613766646539376232346538646565
32636363333833666531353064333665353231326632616263633536373636306466653030353636
37393861653932383665666566633732383861316562396463396536623935303234386361366633
62396132313135356162346331666439653166353837356539306533616533323366373861666264
61623263653665613834306332643061356230343930363963626239623337636136663262623032
30316630316139376438303665366630343537643033383237333566343136383431383235626631
34363363373037353362636436326239343237336330323330656336633965626631663563633239
37626433663662613831633939366232353739316466653237646434333838633264336561633539
65316461653637653232323433393963643763653139326135653930613037386362633535356561
32393862326637643366373032386261636134366661353533653035303733333832333765663664
65613162623939383138383432313039663435616436323265366239646639363439323561653735
36636234316338616631353564663062616636663739303934303433643336643835636530343639
37323331383162353466353233343531616331386439323834336562313063353566336337646234
38333461313762333033656162663465326435616632306666393436336237626266383430346330
38633333363562656566646263666462656131386339393331303762396430353533633333313639
65323131313837353534663334366230383936626233396238366262333734653435316531346538
38666566633332666233623335343039626533373063656663336237323463613937343538323831
62613464623266386439303261653935613232393433356437393732333565373463656631623731
66333961313662313830353836393737646431353632316163393135646337333438336138343836
31366238666430626364613466653063366234663466373439666163373034343464363665633432
38623337356262326339613836653232373234623637633330343639376135376436396463303437
62653736616363336537383936613865383234383034336336333538353066653862623865393762
61643836373930633933336538356461633365356232346161326433333733373964333362626261
33363137326431663234343666323435623862643432633235643834376235646438616231373361
34376330666338313564303638643161373730653634323537313336303966306361386162363637
33613364366265306161643364616439373239613964303137643432346339663231313136386263
30656139343164306563376634373531646632636263363737343237626437633461653031376432
633632396437666330393563376131373465
